53414e385245444954504552534f4e00
0100000000000903265f000000000000
0000000000000000000000000000ad65
00000000000000000000000000000000
00000000000000000000911300aa00ef
00000000000000000000000000000000
000000000000285a3232640101000000
00000000000000000000000000000000
00000000000000000000000000000000
00000000000000000000000000000000
000000000000000000edcf0a800055f5
55050000000000000000000000000000
0000000000000000000000000000000f
34fc0c3cff0000000000000000000000
00000000000000000000000000000000
0000000000020d0104011a0000000000
010605164eba4e5e8d7651e562096700
7a164eb95b9c980e4e459b9b5284766a
8c706702307651e54e858d4e4e385eba
4e8476459b9b525c4f3a4e666b68568c
63e163ba4ec35f0cff0759d753074e11
6c0a5c6c6502306e63f48b2c54fb95ce
98c48b0c800d4edc60dc8f53900c8065
67014f426cd37ec68b4b4e888f0cffcf
6bcf6b28577651b65be8954d52275992
637f95999f0230000000000000000000
00000000000000000000000000000000
00000000000000000000000000000000
00000000000000000000000000000000
00000000000000000000000000000000
00000000000000000000000000000000
00000000000000000000000000000000
00000000000000000000000000000000
00000000000000000000000000000000
00000000000000000000000000000000
00000000000000000000000000000000
00000000000000000000000000000000
00000000000000000000000000000000
00000000000000000000000000000000
00000000000000000000000000000000
00000000000000000000000000000000
00000000000000000000000000000000
00000000000000000000000000000000
00000000000000000000000000000000
00000000000000000000000000000000
00000000000000000000000000000000
00000000000000000000000000000000
00000000000000000000000000000000
00000000000000000000000000000000
00000000000000000000000000000000
00000000000000000000000000000000
00000000000000000000000000000000
00000000000000000000000000000000
00000000000000000000000000000000
00000000000000000000000000000000
00000000000000000000000000000000
00000000000000000000000000000000
00000000000000000000000000000000
00000000000000000000000000000000
00000000000000000000000000000000
00000000000000000000000000000000
00000000000000000000000000000000
00000000000000000000000000000000
00000000000000000000000000000000
00000000000000000000000000000000
00000000000000000000000000000000
00000000000000000000000000000000
00000000000000000000000000000000
00000000000000000000000000000000
00000000000000000000000000000000
00000000000000000000000000000000
00000000000000000000000000000000
000000000000000000