b90b0a03265f00000000000000000000
00000000000000000000ad6500000000
00000000000000000000000000000000
000000000000911300aa00ef00000000
000000000000000000de0b0000000000
00005b505a5a640101bd0b0100000000
00000000000000000000000000000000
00000000000000000000000000000000
00000000000000000000000000000000
00000000000000501400005405100000
00000000000000000000000000000000
0000000000000000000000030c001030
00000000000000000000000000000000
00000000000000000000000000000000
00020d0204011a000000000001060500
0000000000164eba4e5e8d7651e56209
67007a164eb95b9c980e4e459b9b5284
766a8c706702307651e54e858d4e4e38
5eba4e8476459b9b525c4f3a4e666b68
568c63e163ba4ec35f0cff0759d75307
4e116c0a5c6c6502306e63f48b2c54fb
95ce98c48b0c800d4edc60dc8f53900c
806567014f426cd37ec68b4b4e888f0c
ffcf6bcf6b28577651b65be8954d5227
5992637f95999f023000000000000000
00000000000000000000000000000000
00000000000000000000000000000000
00000000000000000000000000000000
00000000000000000000000000000000
00000000000000000000000000000000
00000000000000000000000000000000
00000000000000000000000000000000
00000000000000000000000000000000
00000000000000000000000000000000
00000000000000000000000000000000
00000000000000000000000000000000
00000000000000000000000000000000
00000000000000000000000000000000
00000000000000000000000000000000
00000000000000000000000000000000
00000000000000000000000000000000
00000000000000000000000000000000
00000000000000000000000000000000
00000000000000000000000000000000
00000000000000000000000000000000
00000000000000000000000000000000
00000000000000000000000000000000
00000000000000000000000000000000
00000000000000000000000000000000
00000000000000000000000000000000
00000000000000000000000000000000
00000000000000000000000000000000
00000000000000000000000000000000
00000000000000000000000000000000
00000000000000000000000000000000
00000000000000000000000000000000
00000000000000000000000000000000
00000000000000000000000000000000
00000000000000000000000000000000
00000000000000000000000000000000
00000000000000000000000000000000
00000000000000000000000000000000
00000000000000000000000000000000
00000000000000000000000000000000
00000000000000000000000000000000
00000000000000000000000000000000
00000000000000000000000000000000
00000000000000000000000000000000
00000000000000000000000000000000
00000000000000000000000000000000
00000000000000000000000000000000
0000000000000000000000