bb0b0a03b19400000000000000000000
000000000000000000009368cc510000
00000000000000000000000000000000
0000000000006b1b01aa000c01bb0b00
00000000000000000000000000000000
0000505263645a131300000000000000
00000000000000000000000000000000
00000000000000000000000000000000
00000000000000000000000000000000
000000000010fc5f2b0400bc0f000000
00000000000000000000000000000000
0000000000000000000000f59de6cc7f
fd000000000000000000000000000000
00000000000000000000000000000000
00010f0104011d0000000000010a0500
0000000000164eba4e5e8d7651e56209
67007a164ebb6c06744b4e4d6284766a
8c706702306e63f48bbd654c88fd807f
4f074e116c895b455c504e1a4e0c54f6
657c517e98494e0e4e295284763f6553
90f95b7651765e5e97be968b4e0230d0
63fa51184f025f84763f65bb6c0674ba
8b0cffd7533052174f1a590e54ba4e48
65d56c02300000000000000000000000
00000000000000000000000000000000
00000000000000000000000000000000
00000000000000000000000000000000
00000000000000000000000000000000
00000000000000000000000000000000
00000000000000000000000000000000
00000000000000000000000000000000
00000000000000000000000000000000
00000000000000000000000000000000
00000000000000000000000000000000
00000000000000000000000000000000
00000000000000000000000000000000
00000000000000000000000000000000
00000000000000000000000000000000
00000000000000000000000000000000
00000000000000000000000000000000
00000000000000000000000000000000
00000000000000000000000000000000
00000000000000000000000000000000
00000000000000000000000000000000
00000000000000000000000000000000
00000000000000000000000000000000
00000000000000000000000000000000
00000000000000000000000000000000
00000000000000000000000000000000
00000000000000000000000000000000
00000000000000000000000000000000
00000000000000000000000000000000
00000000000000000000000000000000
00000000000000000000000000000000
00000000000000000000000000000000
00000000000000000000000000000000
00000000000000000000000000000000
00000000000000000000000000000000
00000000000000000000000000000000
00000000000000000000000000000000
00000000000000000000000000000000
00000000000000000000000000000000
00000000000000000000000000000000
00000000000000000000000000000000
00000000000000000000000000000000
00000000000000000000000000000000
00000000000000000000000000000000
00000000000000000000000000000000
00000000000000000000000000000000
00000000000000000000000000000000
00000000000000000000000000000000
0000000000000000000000