bd0b0a033f9600000000000000000000
00000000000000000000a95000000000
00000000000000000000000000000000
000000000000f207009b00be00000000
000000000000000000be0bcb0b000000
00006464323255010100000000000000
00000000000000000000000000000000
00000000000000000000000000000000
00000000000000000000000000000000
000000000000f8030003007c20000000
00000000000000000000000000000000
0000000000000000000000a726004c44
41000000000000000000000000000000
00000000000000000000000000000000
0002000102011e0000000000010003d0
070000d007164eba4e5e8d7651e56209
67007a164e065c4d6284766a8c706702
307651fd80e54e53538a8d8476df7e87
739b525c4f3a4e666b68560cff065c18
62405ca973045f8e4ea1808c634b4ef4
9502306e63f48b285718623a570a4e55
5cb0738476015a254e0cff315cde8f4c
65ba4e5f4ef95b765168883a796c650f
61023000000000000000000000000000
00000000000000000000000000000000
00000000000000000000000000000000
00000000000000000000000000000000
00000000000000000000000000000000
00000000000000000000000000000000
00000000000000000000000000000000
00000000000000000000000000000000
00000000000000000000000000000000
00000000000000000000000000000000
00000000000000000000000000000000
00000000000000000000000000000000
00000000000000000000000000000000
00000000000000000000000000000000
00000000000000000000000000000000
00000000000000000000000000000000
00000000000000000000000000000000
00000000000000000000000000000000
00000000000000000000000000000000
00000000000000000000000000000000
00000000000000000000000000000000
00000000000000000000000000000000
00000000000000000000000000000000
00000000000000000000000000000000
00000000000000000000000000000000
00000000000000000000000000000000
00000000000000000000000000000000
00000000000000000000000000000000
00000000000000000000000000000000
00000000000000000000000000000000
00000000000000000000000000000000
00000000000000000000000000000000
00000000000000000000000000000000
00000000000000000000000000000000
00000000000000000000000000000000
00000000000000000000000000000000
00000000000000000000000000000000
00000000000000000000000000000000
00000000000000000000000000000000
00000000000000000000000000000000
00000000000000000000000000000000
00000000000000000000000000000000
00000000000000000000000000000000
00000000000000000000000000000000
00000000000000000000000000000000
00000000000000000000000000000000
00000000000000000000000000000000
00000000000000000000000000000000
0000000000000000000000