be0b0a035f5b00000000000000000000
00000000000000000000475900000000
00000000000000000000000000000000
0000000000006d08009b00e000000000
000000c70b00000000cb0bbd0b000000
000064505f32320a0ac10b0100000000
00000000000000000000000000000000
00000000000000000000000000000000
00000000000000000000000000000000
00000000000f600d00000000006a5400
00000000000000000000000000000000
00000000000000000000000000001402
00000000000000000000000000000000
00000000000000000000000000000000
00030d040501040000000000010a04f5
047b05d007164eba4e5e8d7651e56209
67007a164e065c4d6284766a8c706702
307651fd80e54e53538a8d8476df7e87
739b525c4f3a4e666b68560cff065c18
62405ca973045f8e4ea1808c634b4ef4
9502306e63f48b285718623a570a4e55
5cb0738476015a254e0cff315cde8f4c
65ba4e5f4ef95b765168883a796c650f
61023000000000000000000000000000
00000000000000000000000000000000
00000000000000000000000000000000
00000000000000000000000000000000
00000000000000000000000000000000
00000000000000000000000000000000
00000000000000000000000000000000
00000000000000000000000000000000
00000000000000000000000000000000
00000000000000000000000000000000
00000000000000000000000000000000
00000000000000000000000000000000
00000000000000000000000000000000
00000000000000000000000000000000
00000000000000000000000000000000
00000000000000000000000000000000
00000000000000000000000000000000
00000000000000000000000000000000
00000000000000000000000000000000
00000000000000000000000000000000
00000000000000000000000000000000
00000000000000000000000000000000
00000000000000000000000000000000
00000000000000000000000000000000
00000000000000000000000000000000
00000000000000000000000000000000
00000000000000000000000000000000
00000000000000000000000000000000
00000000000000000000000000000000
00000000000000000000000000000000
00000000000000000000000000000000
00000000000000000000000000000000
00000000000000000000000000000000
00000000000000000000000000000000
00000000000000000000000000000000
00000000000000000000000000000000
00000000000000000000000000000000
00000000000000000000000000000000
00000000000000000000000000000000
00000000000000000000000000000000
00000000000000000000000000000000
00000000000000000000000000000000
00000000000000000000000000000000
00000000000000000000000000000000
00000000000000000000000000000000
00000000000000000000000000000000
00000000000000000000000000000000
00000000000000000000000000000000
0000000000000000000000