c00b0a03216a00000000000000000000
00000000000000000000487200000000
00000000000000000000000000000000
000000000000160801aa00ef00c00b00
00000000000000000000000000000000
000064553c3c3c121200000000000000
00000000000000000000000000000000
00000000000000000000000000000000
00000000000000000000000000000000
00000000000054050000401400000100
00000000000000000000000000000000
0000000000000000000000500c004471
01000000000000000000000000000000
00000000000000000000000000000000
0002010205010a0000000000010a06e8
0300000000164eba4e5e8d7651e56209
67007a164e065c4d6284766a8c706702
307651fd80e54e53538a8d8476df7e87
739b525c4f3a4e666b68560cff065c18
62405ca973045f8e4ea1808c634b4ef4
9502306e63f48b285718623a570a4e55
5cb0738476015a254e0cff315cde8f4c
65ba4e5f4ef95b765168883a796c650f
61023000000000000000000000000000
00000000000000000000000000000000
00000000000000000000000000000000
00000000000000000000000000000000
00000000000000000000000000000000
00000000000000000000000000000000
00000000000000000000000000000000
00000000000000000000000000000000
00000000000000000000000000000000
00000000000000000000000000000000
00000000000000000000000000000000
00000000000000000000000000000000
00000000000000000000000000000000
00000000000000000000000000000000
00000000000000000000000000000000
00000000000000000000000000000000
00000000000000000000000000000000
00000000000000000000000000000000
00000000000000000000000000000000
00000000000000000000000000000000
00000000000000000000000000000000
00000000000000000000000000000000
00000000000000000000000000000000
00000000000000000000000000000000
00000000000000000000000000000000
00000000000000000000000000000000
00000000000000000000000000000000
00000000000000000000000000000000
00000000000000000000000000000000
00000000000000000000000000000000
00000000000000000000000000000000
00000000000000000000000000000000
00000000000000000000000000000000
00000000000000000000000000000000
00000000000000000000000000000000
00000000000000000000000000000000
00000000000000000000000000000000
00000000000000000000000000000000
00000000000000000000000000000000
00000000000000000000000000000000
00000000000000000000000000000000
00000000000000000000000000000000
00000000000000000000000000000000
00000000000000000000000000000000
00000000000000000000000000000000
00000000000000000000000000000000
00000000000000000000000000000000
00000000000000000000000000000000
0000000000000000000000