c70b0a037e9800000000000000000000
000000000000000000000f5c51680000
00000000000000000000000000000000
0000000000006c1b019b00bd00c70b00
000000be0b0000000000000000000000
00004f644c375a131300000000000000
00000000000000000000000000000000
00000000000000000000000000000000
00000000000000000000000000000000
0000000000b303c0a60971f24041f900
00000000000000000000000000000000
0000000000000000000000b30f00a60e
10000000000000000000000000000000
00000000000000000000000000000000
00020f0105010d0000000000010a0300
0000000000164eba4e5e8d7651e56209
67007a164e666b7a8284766a8c706702
30285718623a570a4e666bc752e065cc
5384766888b0730759d7534c65ba4e50
60e7600cff0c80765ea9805c4f186284
76cb539b511952f95b76510967407781
67f16d9a538476e14ffb4e02307651f1
82c7524b4eff590067c87ee88d8a8d86
4e18623a578476e985f17b0cff16533a
4ed7533052164eba4e9c553172847645
658b4e7f95454e416d204f0b4ebb5302
30000000000000000000000000000000
00000000000000000000000000000000
00000000000000000000000000000000
00000000000000000000000000000000
00000000000000000000000000000000
00000000000000000000000000000000
00000000000000000000000000000000
00000000000000000000000000000000
00000000000000000000000000000000
00000000000000000000000000000000
00000000000000000000000000000000
00000000000000000000000000000000
00000000000000000000000000000000
00000000000000000000000000000000
00000000000000000000000000000000
00000000000000000000000000000000
00000000000000000000000000000000
00000000000000000000000000000000
00000000000000000000000000000000
00000000000000000000000000000000
00000000000000000000000000000000
00000000000000000000000000000000
00000000000000000000000000000000
00000000000000000000000000000000
00000000000000000000000000000000
00000000000000000000000000000000
00000000000000000000000000000000
00000000000000000000000000000000
00000000000000000000000000000000
00000000000000000000000000000000
00000000000000000000000000000000
00000000000000000000000000000000
00000000000000000000000000000000
00000000000000000000000000000000
00000000000000000000000000000000
00000000000000000000000000000000
00000000000000000000000000000000
00000000000000000000000000000000
00000000000000000000000000000000
00000000000000000000000000000000
00000000000000000000000000000000
00000000000000000000000000000000
00000000000000000000000000000000
00000000000000000000000000000000
00000000000000000000000000000000
0000000000000000000000