df0b0a032e9600000000000000000000
000000000000000000008973664e0000
00000000000000000000000000000000
000000000000721b01be00e100000000
000000be0b0000000000000000000000
000064505f4d64131300000000000000
00000000000000000000000000000000
00000000000000000000000000000000
00000000000000000000000000000000
000000000000fc0fc33003fc5f200400
00000000000000000000000000000000
0000000000000000000000ff2f064cff
53000000000000000000000000000000
00000000000000000000000000000000
00020f0104010b00000000000109059e
04d007d007164eba4e5e8d7651e56209
67007a164e065c4d6284766a8c706702
307651fd80e54e53538a8d8476df7e87
739b525c4f3a4e666b68560cff065c18
62405ca973045f8e4ea1808c634b4ef4
9502306e63f48b285718623a570a4e55
5cb0738476015a254e0cff315cde8f4c
65ba4e5f4ef95b765168883a796c650f
61023000000000000000000000000000
00000000000000000000000000000000
00000000000000000000000000000000
00000000000000000000000000000000
00000000000000000000000000000000
00000000000000000000000000000000
00000000000000000000000000000000
00000000000000000000000000000000
00000000000000000000000000000000
00000000000000000000000000000000
00000000000000000000000000000000
00000000000000000000000000000000
00000000000000000000000000000000
00000000000000000000000000000000
00000000000000000000000000000000
00000000000000000000000000000000
00000000000000000000000000000000
00000000000000000000000000000000
00000000000000000000000000000000
00000000000000000000000000000000
00000000000000000000000000000000
00000000000000000000000000000000
00000000000000000000000000000000
00000000000000000000000000000000
00000000000000000000000000000000
00000000000000000000000000000000
00000000000000000000000000000000
00000000000000000000000000000000
00000000000000000000000000000000
00000000000000000000000000000000
00000000000000000000000000000000
00000000000000000000000000000000
00000000000000000000000000000000
00000000000000000000000000000000
00000000000000000000000000000000
00000000000000000000000000000000
00000000000000000000000000000000
00000000000000000000000000000000
00000000000000000000000000000000
00000000000000000000000000000000
00000000000000000000000000000000
00000000000000000000000000000000
00000000000000000000000000000000
00000000000000000000000000000000
00000000000000000000000000000000
00000000000000000000000000000000
00000000000000000000000000000000
00000000000000000000000000000000
0000000000000000000000