e20b0a03c49e00000000000000000000
000000000000000000000497914e0000
00000000000000000000000000000000
0000000000006d1b01aa00ef00e20b00
00000000000000000000000000000000
00003950644664131300000000000000
00000000000000000000000000000000
00000000000000000000000000000000
00000000000000000000000000000000
0000000000810000bc6400fcd3330000
00000000000000000000000000000000
00000000000000000000008104ff30a0
0f000000000000000000000000000000
00000000000000000000000000000000
00020f01030108000000000001090100
0000000000164eba4e5e8d7651e56209
67007a164e7a660b8c84766a8c706702
307651e54e5e79977b3c9b0b8cf78fd1
604c65ba4e84767a6667610cff7f4f4c
651162cc53b965fd901f6130524f75e7
6002306e63f48b1a75f381fe6609674c
6575512857f95b3596f66549512f662c
54fb9576510d54bf4ff25d5a507d5953
62258dd74e8476c35f0674c651075902
30000000000000000000000000000000
00000000000000000000000000000000
00000000000000000000000000000000
00000000000000000000000000000000
00000000000000000000000000000000
00000000000000000000000000000000
00000000000000000000000000000000
00000000000000000000000000000000
00000000000000000000000000000000
00000000000000000000000000000000
00000000000000000000000000000000
00000000000000000000000000000000
00000000000000000000000000000000
00000000000000000000000000000000
00000000000000000000000000000000
00000000000000000000000000000000
00000000000000000000000000000000
00000000000000000000000000000000
00000000000000000000000000000000
00000000000000000000000000000000
00000000000000000000000000000000
00000000000000000000000000000000
00000000000000000000000000000000
00000000000000000000000000000000
00000000000000000000000000000000
00000000000000000000000000000000
00000000000000000000000000000000
00000000000000000000000000000000
00000000000000000000000000000000
00000000000000000000000000000000
00000000000000000000000000000000
00000000000000000000000000000000
00000000000000000000000000000000
00000000000000000000000000000000
00000000000000000000000000000000
00000000000000000000000000000000
00000000000000000000000000000000
00000000000000000000000000000000
00000000000000000000000000000000
00000000000000000000000000000000
00000000000000000000000000000000
00000000000000000000000000000000
00000000000000000000000000000000
00000000000000000000000000000000
00000000000000000000000000000000
00000000000000000000000000000000
00000000000000000000000000000000
0000000000000000000000